2 0.481948 0.702005 0.099786 0.145207 0.900805
2 0.539976 0.553414 0.084258 0.098821 0.833884
2 0.439311 0.551773 0.085918 0.104329 0.822768
2 0.070912 0.486963 0.090143 0.091015 0.815268
2 0.899094 0.493465 0.092655 0.095154 0.771436
6 0.477808 0.843724 0.024667 0.069022 0.420435
6 0.542416 0.842829 0.023409 0.071232 0.404546
6 0.450600 0.804996 0.020881 0.053088 0.346195
6 0.511861 0.843557 0.025089 0.073907 0.343620
6 0.410132 0.826059 0.016884 0.039455 0.316043
6 0.510446 0.801232 0.019289 0.039729 0.251709
