2 0.641957 0.477600 0.062421 0.177725 0.879947
2 0.719418 0.733359 0.072828 0.171611 0.878907
2 0.461017 0.762796 0.061443 0.156411 0.878469
2 0.565187 0.316624 0.064651 0.155867 0.869098
2 0.547040 0.754289 0.061087 0.150064 0.866908
2 0.460188 0.552722 0.064671 0.149111 0.855867
2 0.557670 0.551007 0.063310 0.152094 0.854276
2 0.162218 0.339290 0.168567 0.187915 0.854012
2 0.459031 0.327602 0.066072 0.170251 0.829358
2 0.733030 0.463935 0.070668 0.176285 0.806685
2 0.629942 0.752048 0.064410 0.177447 0.805958
2 0.830150 0.768278 0.073274 0.228714 0.800386
2 0.652079 0.140096 0.065712 0.186534 0.786608
2 0.211661 0.580331 0.082722 0.195105 0.749280
2 0.331590 0.805098 0.066468 0.246239 0.466684
2 0.203960 0.805208 0.069521 0.363253 0.433322
