2 0.804908 0.724536 0.363746 0.234973 0.908127
2 0.414751 0.875764 0.435020 0.248247 0.907148
2 0.779900 0.398048 0.092311 0.055979 0.845433
2 0.185705 0.335137 0.093522 0.058648 0.844373
2 0.732112 0.507279 0.097066 0.062412 0.827837
2 0.543309 0.627124 0.103064 0.062826 0.825237
2 0.058179 0.450882 0.095454 0.058952 0.822539
2 0.865059 0.244440 0.087957 0.059586 0.821591
2 0.336722 0.200646 0.087231 0.059740 0.798086
2 0.626602 0.698097 0.101842 0.063888 0.652029
2 0.569321 0.770035 0.116212 0.069901 0.392789
