2 0.680853 0.537508 0.107688 0.067218 0.823978
2 0.434176 0.515602 0.094198 0.066983 0.809092
2 0.248656 0.504258 0.086750 0.054591 0.808252
2 0.498862 0.757718 0.317360 0.276877 0.769006
2 0.841237 0.198111 0.047681 0.032836 0.712994
2 0.355492 0.282286 0.051817 0.039817 0.651689
6 0.401488 0.702289 0.027896 0.128629 0.634576
2 0.114922 0.440802 0.078271 0.055714 0.634384
6 0.566093 0.771893 0.033747 0.136027 0.617086
2 0.011046 0.558668 0.021814 0.062126 0.576234
2 0.488321 0.243304 0.031113 0.036794 0.556068
2 0.610852 0.292973 0.054283 0.044558 0.552198
2 0.423220 0.094396 0.048210 0.024460 0.537742
2 0.232774 0.407167 0.065571 0.058602 0.534417
2 0.281934 0.098380 0.054015 0.026456 0.508229
2 0.769665 0.291089 0.130560 0.075392 0.430097
6 0.453830 0.694861 0.043802 0.113264 0.413354
4 0.510453 0.495369 0.080630 0.068346 0.382496
4 0.396859 0.351111 0.051007 0.050477 0.369052
2 0.360491 0.102716 0.032132 0.021591 0.369016
2 0.294086 0.440707 0.145279 0.058996 0.367551
2 0.510161 0.494985 0.082665 0.069368 0.350157
2 0.052694 0.452843 0.052619 0.036453 0.268896
2 0.184161 0.410013 0.038081 0.029859 0.256688
