2 0.393343 0.245531 0.158774 0.085964 0.880973
2 0.404246 0.547189 0.184744 0.128239 0.869578
6 0.809118 0.610042 0.021803 0.066490 0.680372
6 0.635451 0.552025 0.021530 0.062763 0.678730
2 0.073056 0.099747 0.107394 0.064715 0.664103
6 0.678062 0.881519 0.025814 0.082717 0.654590
6 0.751884 0.907637 0.023827 0.071537 0.653229
2 0.816057 0.448592 0.120732 0.086251 0.635084
6 0.930815 0.724543 0.024786 0.072381 0.628346
6 0.891538 0.639838 0.021958 0.068758 0.620491
6 0.224225 0.795488 0.023337 0.074318 0.611969
6 0.867349 0.626919 0.020259 0.060075 0.611042
6 0.421919 0.820244 0.024985 0.076624 0.604593
6 0.295194 0.813493 0.029729 0.080931 0.586650
6 0.679790 0.556033 0.021433 0.060290 0.566694
6 0.978775 0.962140 0.022150 0.068238 0.559653
4 0.932899 0.549516 0.122827 0.095107 0.547577
4 0.124939 0.176638 0.116950 0.081355 0.531714
6 0.722645 0.583303 0.020301 0.060477 0.527733
2 0.124632 0.177704 0.116948 0.078881 0.481910
4 0.815355 0.449956 0.118875 0.085661 0.478447
4 0.830596 0.531414 0.102348 0.089559 0.453115
6 0.552463 0.495523 0.021722 0.071656 0.427595
6 0.542280 0.501946 0.021087 0.062986 0.408616
6 0.706929 0.566015 0.017086 0.058571 0.400064
2 0.828960 0.531439 0.103605 0.088871 0.396455
6 0.787062 0.588304 0.017846 0.057565 0.382297
6 0.399507 0.488832 0.019937 0.063724 0.362716
6 0.381643 0.463347 0.018913 0.049852 0.354811
6 0.423578 0.469367 0.018863 0.055607 0.338012
