10 0.243502 0.254992 0.382842 0.180794 0.935175
10 0.856223 0.589112 0.199994 0.080259 0.900564
10 0.678935 0.492012 0.171852 0.071783 0.883010
10 0.534892 0.401858 0.161450 0.060070 0.874096
10 0.647228 0.266523 0.120334 0.049200 0.864559
10 0.870879 0.185141 0.135846 0.057703 0.808715
10 0.650122 0.402013 0.114777 0.060682 0.790343
10 0.795302 0.482966 0.112896 0.059434 0.777694
10 0.459825 0.175353 0.095365 0.046901 0.746763
10 0.593925 0.200144 0.103544 0.043565 0.741488
10 0.549660 0.235702 0.124994 0.054382 0.654361
10 0.525640 0.184482 0.124777 0.050349 0.645750
