10 0.246482 0.599633 0.069423 0.099026 0.921410
10 0.647754 0.683601 0.065571 0.093338 0.919277
10 0.132137 0.764737 0.068749 0.089560 0.916949
10 0.516782 0.828274 0.118024 0.098387 0.915345
10 0.850121 0.702508 0.067218 0.091125 0.912822
10 0.370210 0.723972 0.066347 0.093797 0.910333
10 0.658829 0.429449 0.069328 0.091186 0.909155
10 0.352288 0.445966 0.070531 0.090457 0.905867
10 0.769420 0.581419 0.066611 0.101496 0.900942
10 0.512613 0.244145 0.132551 0.108342 0.894704
10 0.512121 0.559346 0.069677 0.099325 0.876197
