10 0.334436 0.301248 0.113945 0.181689 0.858336
10 0.922629 0.828191 0.079906 0.138969 0.853848
10 0.270138 0.727230 0.084549 0.137098 0.847284
10 0.698618 0.687705 0.078532 0.135870 0.828344
10 0.897603 0.113739 0.083198 0.140086 0.825581
10 0.924870 0.671081 0.095637 0.139318 0.803356
10 0.046700 0.751764 0.077304 0.132733 0.790914
10 0.704203 0.847154 0.079245 0.141662 0.785034
10 0.948463 0.106049 0.049387 0.068148 0.686510
10 0.755706 0.839228 0.029543 0.057495 0.641242
10 0.780643 0.831594 0.030297 0.053906 0.516411
10 0.974241 0.661725 0.031410 0.058648 0.362180
10 0.762770 0.671729 0.034894 0.062319 0.284014
10 0.767730 0.834522 0.044316 0.063683 0.253685
